    0.0000000000E+00    0.0000000000E+00
    0.5000000000E+02    0.1384937311E-03
    0.1000000000E+03    0.1506747980E-03
    0.1500000000E+03    0.1747953766E-03
    0.2000000000E+03    0.1987246763E-03
    0.2500000000E+03    0.2239269840E-03
    0.3000000000E+03    0.2502604436E-03
    0.3500000000E+03    0.2777354155E-03
    0.4000000000E+03    0.3063562801E-03
    0.4500000000E+03    0.3361348772E-03
    0.5000000000E+03    0.3670882378E-03
    0.5500000000E+03    0.3992374958E-03
    0.6000000000E+03    0.4326072928E-03
    0.6500000000E+03    0.4672251336E-03
    0.7000000000E+03    0.5031208015E-03
    0.7500000000E+03    0.5403263341E-03
    0.8000000000E+03    0.5788755745E-03
    0.8500000000E+03    0.6188042987E-03
    0.9000000000E+03    0.6601500302E-03
    0.9500000000E+03    0.7029521075E-03
    0.1000000000E+04    0.7472514881E-03
    0.1050000000E+04    0.7930910589E-03
    0.1100000000E+04    0.8405151389E-03
    0.1150000000E+04    0.8894998464E-03
    0.1200000000E+04    0.9402353486E-03
    0.1250000000E+04    0.9926919930E-03
    0.1300000000E+04    0.1046924628E-02
    0.1350000000E+04    0.1102981585E-02
    0.1400000000E+04    0.1160911550E-02
    0.1450000000E+04    0.1220762768E-02
    0.1500000000E+04    0.1282581112E-02
    0.1550000000E+04    0.1346410720E-02
    0.1600000000E+04    0.1412292155E-02
    0.1650000000E+04    0.1480263192E-02
    0.1700000000E+04    0.1550357594E-02
    0.1750000000E+04    0.1622603866E-02
    0.1800000000E+04    0.1697026858E-02
    0.1850000000E+04    0.1773646156E-02
    0.1900000000E+04    0.1852473996E-02
    0.1950000000E+04    0.1933518272E-02
    0.2000000000E+04    0.2016778515E-02
    0.2050000000E+04    0.2102248479E-02
    0.2100000000E+04    0.2189914694E-02
    0.2150000000E+04    0.2279755250E-02
    0.2200000000E+04    0.2371739951E-02
    0.2250000000E+04    0.2465829912E-02
    0.2300000000E+04    0.2561977949E-02
    0.2350000000E+04    0.2660128081E-02
    0.2400000000E+04    0.2760213812E-02
    0.2450000000E+04    0.2862160563E-02
    0.2500000000E+04    0.2965882063E-02
    0.2550000000E+04    0.3071282341E-02
    0.2600000000E+04    0.3178254763E-02
    0.2650000000E+04    0.3286682273E-02
    0.2700000000E+04    0.3396437326E-02
    0.2750000000E+04    0.3507381721E-02
    0.2800000000E+04    0.3619366779E-02
    0.2850000000E+04    0.3732233939E-02
    0.2900000000E+04    0.3845815059E-02
    0.2950000000E+04    0.3959933229E-02
    0.3000000000E+04    0.4074403025E-02
    0.3050000000E+04    0.4189031777E-02
    0.3100000000E+04    0.4303620030E-02
    0.3150000000E+04    0.4417962992E-02
    0.3200000000E+04    0.4531851276E-02
    0.3250000000E+04    0.4645072050E-02
    0.3300000000E+04    0.4757410400E-02
    0.3350000000E+04    0.4868650273E-02
    0.3400000000E+04    0.4978576038E-02
    0.3450000000E+04    0.5086973521E-02
    0.3500000000E+04    0.5193631434E-02
    0.3550000000E+04    0.5298342796E-02
    0.3600000000E+04    0.5400906363E-02
    0.3650000000E+04    0.5501127807E-02
    0.3700000000E+04    0.5598821716E-02
    0.3750000000E+04    0.5693812598E-02
    0.3800000000E+04    0.5785936895E-02
    0.3850000000E+04    0.5875044218E-02
    0.3900000000E+04    0.5960998872E-02
    0.3950000000E+04    0.6043681419E-02
    0.4000000000E+04    0.6122989866E-02
    0.4050000000E+04    0.6198840774E-02
    0.4100000000E+04    0.6271170243E-02
    0.4150000000E+04    0.6339934456E-02
    0.4200000000E+04    0.6405109960E-02
    0.4250000000E+04    0.6466693623E-02
    0.4300000000E+04    0.6524702182E-02
    0.4350000000E+04    0.6579171560E-02
    0.4400000000E+04    0.6630155584E-02
    0.4450000000E+04    0.6677724877E-02
    0.4500000000E+04    0.6721965243E-02
    0.4550000000E+04    0.6762976088E-02
    0.4600000000E+04    0.6800868627E-02
    0.4650000000E+04    0.6835764313E-02
    0.4700000000E+04    0.6867793085E-02
    0.4750000000E+04    0.6897091688E-02
    0.4800000000E+04    0.6923802224E-02
    0.4850000000E+04    0.6948070531E-02
    0.4900000000E+04    0.6970044767E-02
    0.4950000000E+04    0.6989874099E-02
    0.5000000000E+04    0.7007707352E-02
    0.5050000000E+04    0.7023691695E-02
    0.5100000000E+04    0.7037971622E-02
    0.5150000000E+04    0.7050687748E-02
    0.5200000000E+04    0.7061975798E-02
    0.5250000000E+04    0.7071965917E-02
    0.5300000000E+04    0.7080781720E-02
    0.5350000000E+04    0.7088539838E-02
    0.5400000000E+04    0.7095349419E-02
    0.5450000000E+04    0.7101311919E-02
    0.5500000000E+04    0.7106520878E-02
    0.5550000000E+04    0.7111061995E-02
    0.5600000000E+04    0.7115013338E-02
    0.5650000000E+04    0.7118445456E-02
    0.5700000000E+04    0.7121421852E-02
    0.5750000000E+04    0.7123999330E-02
    0.5800000000E+04    0.7126228503E-02
    0.5850000000E+04    0.7128154191E-02
    0.5900000000E+04    0.7129816025E-02
    0.5950000000E+04    0.7131248846E-02
    0.6000000000E+04    0.7132483201E-02
    0.6050000000E+04    0.7133545835E-02
    0.6100000000E+04    0.7132483201E-02
    0.6150000000E+04    0.7133545835E-02
    0.6200000000E+04    0.7132483201E-02
    0.6250000000E+04    0.7133545835E-02
    0.6300000000E+04    0.7132483201E-02
    0.6350000000E+04    0.7133545835E-02
    0.6400000000E+04    0.7132483201E-02
    0.6450000000E+04    0.7133545835E-02
    0.6500000000E+04    0.7132483201E-02
    0.6550000000E+04    0.7133545835E-02
    0.6600000000E+04    0.7132483201E-02
    0.6650000000E+04    0.7133545835E-02
    0.6700000000E+04    0.7132483201E-02
    0.6750000000E+04    0.7133545835E-02
    0.6800000000E+04    0.7132483201E-02
    0.6850000000E+04    0.7133545835E-02
